,k1,k2,k3,k4,k5,k6,k7,k8,k9,k10,k11,k12,k13,k14,k15,k16,k17,k18,k19,k20,k21,k22,k23
BM_h0_1,0.000804554138741591,0.000447784238238045,0.00558482611476783,2.16898879317555e-17,0.00300899586393067,0.000655455337944968,0.771125708395654,2.78855905674362e-17,0.00152398247572332,0.0015682966955354,0.0512960416388948,0.00112301868638611,0.00661168633753724,0.0324855502964783,0.000404215961613633,0.00042601031420384,0.0613889695259635,0.000663793388680629,0.000851065310835903,0.00065140235231101,0.00698272138973448,0.0470745474305251,0.00532137410630005
BM_h0_2,0.000247875859605414,0.000426503700909288,0.00285079560812243,2.05977768413033e-17,0.00262571469005714,0.000518966687897435,0.791995251016484,2.64815186414619e-17,0.0160515791752448,0.00138299461374056,0.0539212209618637,0.000743659831861346,0.00429402953768083,0.0235124497183711,0.000300751725133256,0.000218029235643127,0.0639217982643228,0.00167334334300451,0.000389691650003127,0.000834553245312565,0.00558512153623695,0.0223538404083449,0.00615182919016102
BM_h0_3,0.00241700709991096,0.000656844260176327,0.00262605871926519,2.11384649529836e-17,0.00363563577681226,0.000557883049219892,0.744145512493874,2.71766539669387e-17,3.54292787160558e-17,0.00106252917227377,0.0788168022570201,0.00136715320498878,0.000584126252908447,0.0179791283859198,0.000442928435151398,0.000510626101556527,0.0557167691802377,0.00147214325948311,0.00089477332415739,0.000740427320410431,0.00664263011517454,0.0754161489313687,0.00431487266009031
BM_h0_4,0.00162599899073406,0.000658274265779911,0.00277250524985652,2.1900650437724e-17,0.00319979752199609,0.000495589712983153,0.744439857844335,2.81565572486332e-17,3.67067452696707e-17,0.000360429441263091,0.0630916641456202,0.00141731698105387,0.00226886982818444,0.021522138200321,0.00216294974625001,0.000191595351536863,0.0697797697251658,0.000263646480800317,0.000525467709380461,0.00062167468386552,0.00765884600842525,0.0740010749514278,0.00294253316102027
BM_h6_5,0.000452954666376363,0.000321333178208906,8.39275428863323e-05,0.00185336183952653,2.55088048295436e-17,0.00116481651441536,0.597088918171224,0.0216877106215929,3.3213370752074e-17,0.00151636999559661,0.0168232307697201,0.000794957483749112,0.00125916359287664,2.58008061461395e-17,0.000651335820925694,0.000435027706778823,2.4597131516278e-17,0.0175343645902562,0.00108784681607609,0.00128874414180098,0.317731533874554,0.0128437733794165,0.00538062929401886
BM_h6_6,3.29032145367416e-17,0.000326845604716375,0.000716328411223446,0.00132430875632931,2.49526179632047e-17,0.000880706480699264,0.621926552580825,0.0316329532019934,3.24891956790908e-17,0.000972970709750934,0.00690662163044134,0.000412012059718403,0.0018867583519992,2.523825256453e-17,2.2730508128468e-17,0.000574367518978912,2.40608225206044e-17,0.0109215380266494,0.000308473636017902,0.000699998121496442,0.292249773661721,0.0219561846769838,0.00630360657045585
BM_h6_7,0.000237479513717293,0.000227195297337614,3.27718301651189e-17,0.00125642129310237,7.02699601801312e-05,0.000998139232925604,0.620322494105512,0.02467154291274,3.20094921921231e-17,0.000615434218720263,0.00968582731005353,0.000956847526835238,0.00150151810659454,2.48656093670879e-17,0.000199367053570697,0.000675208464514373,2.37055640963439e-17,0.0139943996468955,0.000728425579583608,0.000688725241718027,0.308075537392267,0.00972680562979598,0.00536836151393656
BM_h6_8,3.43481885350162e-17,0.000203870488559,1.89795807543933e-05,0.0015518790358618,2.60484344253151e-17,0.000840295781255733,0.542921337875088,0.0467115133373549,3.39159876701505e-17,0.00111074306758027,0.00276550396896719,0.00126938085915676,0.00117788355635633,2.63466129247893e-17,2.37287386562642e-17,0.000671396800449323,2.51174749908532e-17,0.0182138076756968,0.000710228172665271,0.000733900833905682,0.267021558858139,0.107430408033818,0.0066473120743915
BM_h12_9,0.000784540442726062,0.000402446291581654,0.000509077915538345,0.00117221135367055,0.000766871831955232,0.00111245345428571,0.569260836206009,0.0384611375105478,0.000631208964271186,0.000827525628558451,0.031186558019616,2.06412951096933e-05,0.000755243709352583,0.00266610131167029,0.000707451967478957,0.000982319680506669,2.59684991199629e-17,0.0114858996492652,2.09365725167184e-05,0.0013181584897235,0.305985096912075,0.0248986652061058,0.00604461758743568
BM_h12_10,0.000604734137058301,0.000238909642893863,0.00144041481956674,0.00168328157901253,2.77502678836734e-17,0.000853806569694237,0.578741800918915,0.0287345103595111,0.000504212930036496,0.00080964087328646,0.0389865094840764,0.000369657775007047,0.000261298661910022,0.00592794553077758,2.5279018443161e-17,0.00245190070939496,0.0341187253419412,0.00396063590005721,0.000800148678184728,0.00145427496251306,0.201226438434544,0.0924739709162886,0.00435718177532979
BM_h12_11,0.00101538982875706,0.000574866582209128,8.27387505306778e-05,0.00222131334021631,4.90561735636966e-05,0.00077390214296945,0.610090281863294,0.0205378044552186,3.56433359741119e-17,0.000108728661105381,0.050511201219435,0.000143450965664396,3.21822545235949e-17,0.0104694155071945,4.53781008097336e-05,0.00180178140356113,0.0122435217522707,0.00774952165824173,0.000225984161730594,0.000987465994640423,0.245394565959774,0.0322246373621925,0.00274899411662085
BM_h12_12,0.000355373976649348,0.000227864387676393,0.00048082288769869,0.00153849266265562,2.58941100111235e-17,0.00112218787022434,0.665579311129266,0.0342637478203599,0.00785360721297671,0.000736495209285964,0.0205245481502462,0.000671225685064081,0.000744586983497788,2.61905219467612e-17,3.17064174991612e-05,0.00292295156140483,2.496866606243e-17,0.0101418431281835,0.000153504303637816,0.000759191917344587,0.246085282497804,0.001514019806234,0.00429323639229148
BM_h24_13,3.46860496411325e-17,0.00031319611177986,0.0008375941095365,0.0021265134969561,2.74591691559718e-05,0.000863008530265739,0.731174953530265,2.62717586504449e-17,0.0143276665145469,0.000535551268893249,0.0287902914908747,0.000869712851585439,3.09238524886334e-17,0.0122860073227571,0.00350226824881746,0.00387642568010336,0.0207110242359766,2.47424540917115e-17,0.000324819980901413,0.000406863351092873,0.102692414988232,0.0723336023763454,0.00400062674191361
BM_h24_14,0.000162772083197715,0.000379061036283379,0.000664611228102397,0.00149413554848605,2.53439684716439e-17,0.00112680261110284,0.750793851366106,0.00736985603751829,0.0302525016256096,7.2346289748833e-05,0.0217815409572212,0.00035832114506091,0.000531032880558861,0.00689816058116946,0.00148573663015796,0.00340122503719106,0.0268645632779255,2.38388204851358e-17,0.000427514837208526,0.000538477868272202,0.0952330766735542,0.0477821785839586,0.00238223370156665
BM_h24_15,0.000146943062787215,0.000466948868610798,3.39427137249342e-17,0.00179070164908648,2.54625448934778e-17,0.0011004837218851,0.750110138436432,0.0160707855164385,0.0278364146194703,0.000300316805013609,0.0119949020130471,0.000292430326125112,0.00023135266267375,0.0032989848516115,4.87111448057524e-05,0.00271244189148705,0.020878716306764,2.39503547950459e-17,2.81134385416351e-05,0.000845785628208087,0.106289975435389,0.0517398138631359,0.00381603975848717
BM_h24_16,0.000472407319416193,0.000582834446081512,0.00120815762031418,0.00166132867398013,0.000413742175989441,0.000736133894216644,0.736283168351122,0.00129988401047483,0.015723921548169,0.00100408994308787,0.0132214702907463,0.000451840636892659,0.000128038093784626,0.0134343620897321,0.00578624341747431,0.00534779979463876,0.0196699050185876,2.63927540566159e-17,2.81432669095653e-17,0.000958339923400472,0.133431692067184,0.0438751159856603,0.00430952469904631
BM_h48_17,3.18265773954244e-17,5.39939515814194e-05,0.000284273523044758,0.000679044550270028,5.94717728184183e-05,0.000582852651068318,0.817306156019768,0.00725696529237956,3.14261057879627e-17,3.43185784853183e-17,0.0361866578845002,0.000610286869819079,0.000356442074080744,0.00936679050285529,2.19867355324867e-17,0.00094068052280932,0.0238869659175922,2.27027187658975e-17,0.000306241496580208,0.000201740173662311,0.0236933469889744,0.0754553348104088,0.00277275499778656
BM_h48_18,0.00021243494843833,3.07769151471627e-17,0.00025251228155389,1.87154107970746e-17,0.000750382447656363,0.000314286833235376,0.813241923630256,0.0113183663874776,0.00148556453503492,3.42552350031872e-17,0.0352143410795215,0.000270199224229096,0.00101890100733182,0.00895248735778616,2.19461535372295e-17,0.000209985228225889,0.0320680934697423,2.26608152452988e-17,2.41638053561495e-17,5.95201687860375e-05,0.0172429425636452,0.0751227712333868,0.00226528760369189
BM_h48_19,3.12474368646503e-17,3.02727509664412e-17,3.15890773310158e-17,1.8408829071575e-17,0.000484750838063202,0.000423244772771649,0.843540387219467,0.00572013302565587,3.08542525421651e-17,0.000239144304558848,0.0286597850917884,0.000253390917935055,0.00065529532046661,0.00886408014763053,2.15866482240693e-17,0.000478712936257907,0.0194006105528132,2.2289602883761e-17,0.000191815871071417,0.000497745930243206,0.0188790267778427,0.0695671563110744,0.00214471998235968
BM_h48_20,3.13546338717002e-17,0.000215302167451508,0.000319621702591395,4.63863626477362e-05,0.00137974258128586,0.000684883131626985,0.817278135990379,0.0187597251147847,0.00195528653954391,0.0010287638241342,0.0283640704341965,0.00034623684057127,0.00210721047937814,0.00556141962922723,2.16607030686916e-17,0.000475207738734204,0.0160675439347422,2.23660692745187e-17,0.000258573623551911,0.000580177966431246,0.0144661991352646,0.0840952322930806,0.00601028051037606
BM_h72_21,3.25226021495046e-17,0.00025542729844195,0.000906267551765094,0.000139760935845866,0.00106677319543722,0.000879498175513352,0.853116873508524,0.00744611749687349,0.00033568635818927,0.00122361120813075,0.0236748800056222,0.000959310319655542,0.00150331272165648,0.0106300501830903,2.24675698993711e-17,2.23051437034783e-17,0.0211736308115732,0.000424260211741141,0.000490033770819369,0.000664877356249804,0.00651107397579855,0.0609739982770719,0.00762455663800072
BM_h72_22,3.02041784404422e-17,8.22993925068027e-05,3.0534412553828e-17,1.77942133483105e-17,0.000568165962832232,0.000781173914582513,0.872721716695775,0.00910424621310318,2.98241213660725e-17,3.25691467076161e-17,0.0302378837238372,2.76294053169203e-05,0.000139676342349237,0.000410056888218755,2.08659346273757e-17,2.0715087232644e-17,0.00931392310619668,2.1545419734229e-17,3.10383868696144e-05,2.47227369874233e-17,2.45561883492715e-17,0.0733912670572233,0.00319092291118796
BM_h72_23,0.000753256866685601,0.00021852974848821,0.000885215037287518,1.92754832902285e-17,0.00167566604486883,0.000970481644320105,0.864480181145659,0.0169895797192743,0.00718072748682861,0.000905918606578476,0.0271233586106135,0.00074961935294241,0.00193522046306188,0.0049980624081008,2.26029083934282e-17,0.000549227021777814,0.0164122746266843,0.00117937705300461,0.000559910737340786,0.000389624135939167,0.000497858725515371,0.0456374907932069,0.0059084197718215
BM_h72_24,3.02339879390906e-17,2.92909140537508e-17,3.05645479714011e-17,0.00041381405718905,0.000182673845854549,0.000629106664719006,0.898669452782587,0.0189467477902915,0.000827145972494052,0.00016007187392764,0.0220248271749426,2.54743420198665e-17,0.000260578627568249,0.0032464290048595,2.08865279055971e-17,2.07355316346026e-17,0.0104312684936026,0.000123556725396671,0.000122448137503732,0.000162099556646609,0.00215231293793161,0.040017783562882,0.00162968279160353
BM_h120_25,0.000956177713733302,0.000336424380091099,0.000181088328165396,1.85573601591772e-17,0.00417171335311268,0.000723283471004576,0.884215123346214,0.0459845835664059,0.000701366506582284,0.000939612283273621,0.0410327378485984,0.000540763109422097,2.80829794525275e-17,2.41615829352082e-17,8.84694402477162e-05,2.16035026095406e-17,0.018538686033615,2.24694458789713e-17,0.000363070849556166,0.000392747216080745,2.56093384076059e-17,3.18189206105626e-17,0.000834152553896581
BM_h120_27,0.000877345355338094,0.000630924529070088,0.00134579837278031,1.82690322549154e-17,0.00390662083543377,0.000575180846757805,0.877295510509016,0.02380132030218,0.00481170808793977,3.34382183729973e-17,0.0469566685238124,0.00049713929433296,2.76466508723027e-17,0.000625253828141546,2.14227190196456e-17,0.000220711726957479,0.0371386814026359,2.21203354352101e-17,0.000645266613336492,0.000671869772266958,2.52114430814787e-17,3.13245462697716e-17,4.3041817246296e-17
BM_h120_28,0.000764565461505496,7.59291526705191e-05,0.000687578833544347,1.66866369323156e-17,0.00412351448153674,0.000847737647837611,0.888469075819172,0.046084755657977,0.00103486931732105,3.05419248194477e-17,0.0391395298024326,0.000306650473748878,2.52520012589325e-17,2.17259113737936e-17,1.95671631313507e-17,1.94257050259093e-17,0.0165508005239471,2.02043546192258e-17,0.000518225838295965,0.00106450068519396,2.30277220692511e-17,2.86113310973307e-17,0.000332266304817005
BR_h0_1,0.000626858822466008,0.000203252890944323,0.915105449695718,2.2180458474703e-17,0.00232895322529532,0.000563825234084106,0.0005244953781726,2.85162922726787e-17,3.71757195755709e-17,0.000813412030186293,0.0715449246204365,0.000641801776948229,0.00172721811011645,2.88788374197959e-17,0.000142036468650408,2.58213230992386e-17,0.00174463437927312,2.68563312342484e-17,0.0005544088723091,0.000852756728215114,0.000569979578271254,3.80311769162617e-17,0.00205599218891331
BR_h0_2,0.000481491032902877,0.000416405353387304,0.928032503983218,2.20614236839666e-17,0.0021051318897215,0.000604451657189019,0.000864971762622466,6.57907864006163e-05,3.69762104443598e-17,0.00108186422507443,0.0559783989567925,0.00120266992183369,0.00164804874445688,0.00117531606665851,7.86044468619297e-05,0.00013276020901215,0.00153420280878587,2.67122026639549e-17,0.000624873683832222,0.00038081668724691,0.000518221486283995,3.78270768436303e-17,0.00307347629771892
BR_h0_3,0.000701423328202046,0.000417547232015475,0.893992784161342,0.000709162060934746,0.00179904633179643,0.000513757492084261,3.66297872383398e-17,2.83516864695693e-17,3.6961128593041e-17,0.000714222130312567,0.0941595023263154,0.000400662610515486,0.00127126680103353,2.87121388819603e-17,2.58592192376791e-17,2.56722735809684e-17,0.0018520345610039,2.67013072946313e-17,0.000381420426258778,0.000771748399333041,3.04325624279701e-17,3.78116479410487e-17,0.00231542213885232
BR_h0_4,0.000856604085232336,0.00053598381539283,0.878582935831161,0.000345872498522272,0.00212412084099447,0.000677340186724449,0.00121058817647592,2.69496219149167e-17,3.51333047577329e-17,0.00187253124953904,0.104580239553762,0.00117745915602229,0.00214639469444063,2.72922490190462e-17,2.45804136631657e-17,0.000287534281144719,2.60189947048198e-17,1.92232958948097e-05,0.000551666238288471,0.000763402538376208,2.89275931509816e-17,1.44758423026157e-06,0.00426665597379768
BR_h6_5,0.00012656949720695,0.000423664694911284,0.880824737180385,0.00196310388543792,2.70109752665017e-17,0.000579237002440055,0.000801792747468502,0.000150482149130429,3.51692500646834e-17,0.000537112936273592,0.0712008812334855,0.000414031735147631,0.000681179814028102,2.7320172047498e-17,0.000136389775692363,0.00010691273090443,2.60456150514583e-17,0.0330103907504703,0.000273313027675749,0.000907511980893505,0.00294464688644081,0.000957572345718768,0.00396046962628906
BR_h6_6,0.000136791861224683,0.000132996275597215,0.920066461650739,0.0018997608684401,6.35475498376335e-05,0.00038595634587868,0.000596800213768546,0.00059736789538152,0.00047827400203398,0.00059916855011688,0.0267760399307642,0.000965358009992332,0.00121253422052267,0.000361009950588549,0.000207287421211307,0.000918533087985602,0.000916286727509336,0.0359863197384045,0.000714657442412841,0.00028320977397057,0.00095415625659696,0.00217412630088912,0.00357335592613376
BR_h6_7,0.000376638413055838,0.000434295509264178,0.910164628500894,0.00281240040943884,2.68844558070808e-17,0.000312236404817075,0.000880729412197327,0.000534206259679368,3.50045172306216e-17,0.000351899670772506,0.0411902725839444,0.000443352761542541,0.000624540228411144,0.00112818407620767,0.000200628940225487,0.0011074802197727,2.59236173411171e-17,0.032708232586066,5.75505031527289e-05,0.000415479461022421,0.00227907927611004,0.00189679163352521,0.00208137314990066
BR_h6_8,6.61741748165314e-05,0.000612415874984007,0.919507396722575,0.00116716847682906,0.000631067352624629,0.000188802089747291,0.000771472570294128,0.00110110598118123,3.44023753390848e-17,0.000538709897273375,0.0234400967348268,0.000230423698748074,0.000668502663475034,0.000161125232734199,0.000333012754602544,0.000726220802957213,2.54776835812422e-17,0.0367063909909727,0.000323291421126947,0.000760071215325152,0.00435740727663501,0.00334918911458761,0.00435995495368357
BR_h12_9,0.000553029971004472,0.000457279274712192,0.87585324106002,0.00199448475497574,2.64545539501024e-17,0.000162995959632904,9.88922824290024e-06,0.000494065815792468,3.44447697293866e-17,0.00026503690485044,0.0800906670862589,9.42091681285629e-05,0.000285045011691557,2.67573813320596e-17,0.000454303602988979,0.000954607009563932,0.000166688857066393,0.0359110895788598,2.65338570874222e-17,0.000907796897240785,2.83606763377884e-17,3.52373846794082e-17,0.00134556981896989
BR_h12_10,0.00123014144209673,0.000228963401563672,0.883771564258791,0.00324304635100415,2.85720943207724e-17,0.00108735189636752,0.00134106379102682,0.000680980164793056,0.0012913605121386,0.000801331387219873,0.0712480762353883,0.000607177933870976,0.000751604164167886,2.88991613556773e-17,0.000566747297932334,0.00244894288067008,0.00171981408692523,0.023721244523293,0.00130915571577692,0.000998701124346479,3.06307912374025e-17,0.000284927724707998,0.00266780510791936
BR_h12_11,0.000670967218207368,0.000234128194556326,0.858859065037944,0.00227173118228568,2.72224951511615e-17,0.000577309188931015,0.000362794515835404,0.000308999852806718,3.5444656474258e-17,0.000215774538340541,0.0994629484020227,0.000541315918127623,3.200286743599e-17,2.75341132170914e-17,0.000502236967274378,0.000814385379862847,2.6249575309732e-17,0.0315625346367788,0.00016770556001636,0.000757978669991145,2.91839497859354e-17,0.000418747613638918,0.00227137712337954
BR_h12_12,0.000172019529675162,0.000134760223211673,0.869413070701776,0.00195974476494608,2.61923409235151e-17,0.000381820767576676,0.000732915569277658,0.000359856478012355,3.41033590468297e-17,0.000678020829687691,0.0739585626345033,0.00033225298363694,0.000118331883324245,2.64921667321135e-17,0.000598765384259172,0.00047901614244872,2.52562383349584e-17,0.0473404599282281,0.000175989194127081,0.000568156492802289,2.80795701512082e-17,0.000730170620458952,0.00186608587204775
BR_h24_13,3.75552592950005e-17,0.00040941387386116,0.91448375610898,0.00281122001545693,0.000510653655447884,0.000982527581996986,0.000703268126225835,0.00201393043079153,0.0101152629490117,0.00121538864022952,0.0373569039847297,0.00030381690048528,0.00109689358420034,0.000142751509842989,0.000460330645547603,0.00520639165150253,2.74626792954611e-17,0.0131851838934539,0.000181192319367368,0.000450632763734305,3.05326636369938e-17,0.00153450872085607,0.00683597264427858
BR_h24_14,3.74010844786253e-17,0.000542888419940232,0.926341827945625,0.00249751745831245,0.000122053457137527,0.000462448617681117,0.000351185484161053,0.0022943127103703,0.0114787468461588,0.000615236305206385,0.022732637285904,0.000531175269535716,0.000655927012832609,0.00093885955902227,0.000640635942727523,0.006140093961188,0.00211078704064787,0.0138013802536891,0.000798737423908094,0.000524094089052658,3.04073185349216e-17,0.00090585354225274,0.00551360137464703
BR_h24_15,8.24437093255252e-05,0.000342153840197892,0.91371908236539,0.00330707880996328,2.76242081123143e-17,0.000635957337433376,0.0014618996952845,0.00207612698219657,0.0137479103291195,0.00146587030733385,0.0261885469850595,0.000255179460889422,0.000690710556581102,0.00123978065299788,0.00041101135822942,0.00519706343796843,2.66369312287292e-17,0.0162818868275013,0.000402613379034773,0.000751037254653909,2.96146072558529e-17,0.00383919420132004,0.00790445250951955
BR_h24_16,0.000423978346218223,0.000200607377823498,0.930704402511459,0.00264475969484302,0.000604285345564801,0.000467087805819828,0.00124220891960922,0.0028750946083327,0.0132672106791239,0.00160259937094587,3.32274494655765e-17,0.000593492960405426,0.00102680261453143,0.00194140777355268,0.000942854150339578,0.00626290841884475,0.00214462067103119,0.0210831190967784,0.000742028256380143,0.000670799726815428,0.00112728043929324,0.00333178902299213,0.00610066220929521
BR_h48_17,4.08561827116246e-05,7.22535722575193e-05,0.896397626437349,0.00128203336277335,0.00150003025330464,0.000483642435309757,7.1403101299559e-05,0.00114708477889486,0.00997213446690331,0.00144453437534145,0.0755419766261418,4.79503938840839e-05,0.000229979049204206,0.000741245304414275,0.000234375887907949,0.00342194886421512,0.000917171990549821,0.000969046332782609,0.000807895202125586,0.000882893225939983,0.00124192401563775,3.79997578356322e-17,0.00255199414105174
BR_h48_18,0.000686143823314097,0.000322019425300018,0.878868489939685,0.000782868649622121,0.00228192050402893,0.000666488205286195,0.00079727618529172,0.00053597940300878,0.00976722293154172,0.00176331143638297,0.088187907223905,0.00110937336737024,0.00176980063770941,0.00068733368016921,0.000282202313462472,0.00144824698374324,2.72760979005959e-17,0.000327141773415767,0.000991485101722704,0.000415803232920795,0.00227968020351326,0.00230275565828445,0.00372654932032216
BR_h48_19,0.00161424476851515,0.000638525366186617,0.847251220080031,0.00242077139939533,0.00314664126277783,0.0010132395252013,0.00198261184796419,0.00101162494011192,0.00310195535798017,0.0023320470326365,0.118619479491488,0.000621981711249129,0.00120244613513346,0.00364126361345862,2.64637370082088e-17,0.00189098120815655,0.000856431583474532,2.73255107791842e-17,0.00109322258236225,0.00151189691535976,0.00334769304000703,0.000881589121512735,0.00182013301699767
BR_h48_20,0.000927357297711564,0.000394301274312106,0.876346066728354,0.00143770436143686,0.00225217928167944,0.000545696773817319,0.00237291027865563,0.000761374021625854,0.0111668592569703,0.00175629250921225,0.0853498758373487,0.000505202167041713,0.00177007707512545,0.0007801040948664,0.000197626239688876,0.00119769390493713,0.000211216566418198,0.00201337089735287,0.00123985181646144,0.0010159573889402,0.000596931805795725,0.00217195138730137,0.00498939903494665
BR_h72_21,0.000603643497133424,0.000605643485390622,0.916416646185522,2.2067442599979e-17,0.00281550087051145,0.000466005483502782,0.00187235717239168,0.000325500586886834,0.0154951436651284,0.0015071133987416,0.0430940158922418,0.000706843272685248,0.00226960620428011,0.0015419307273874,0.000538257601625001,0.00106948767766444,0.000445886624913211,0.00114342632358613,0.000711340637210232,0.000674444798737312,0.000363854182222442,0.00258194117979547,0.00475141053244212
BR_h72_22,0.0012586128991711,0.000690915233281402,0.88482916512703,2.18529855539585e-17,0.00358014095935025,0.000620191507096018,0.00188464768464523,2.80952769212608e-17,0.00741920779184975,0.00196824880742716,0.0837064544107104,0.0010864226223228,0.0026465174833162,0.000726594837827105,0.000193954476757582,0.000678600902211448,2.71250878306428e-17,0.00101334817676556,0.000528727481187575,0.000706466691662663,0.00012929907042194,0.00302067847182391,0.00331180536514217
BR_h72_23,0.000561002741773066,0.000323659513963099,0.915316858671053,0.000480823280434468,0.00239685164032501,0.00055162205752311,0.0018668283976833,0.000356566121153409,0.0128960836380309,0.00261009636054484,0.0425367791300073,0.000691731997172607,0.00204898896012082,0.000761106492820977,0.000629633061917417,0.00179621686346273,0.00163289435400218,0.00150440277182021,0.00127491174333826,0.000711383192375438,3.06523431751396e-17,0.00215116045869794,0.00690039855178002
BR_h72_24,0.00185871887448777,0.000521239022072918,0.899408559095625,0.00091563388038994,0.00214274472439479,0.00054523192824893,0.0017010383941633,0.000261867144373909,0.0139403537944172,0.00153461327837038,0.0665190693764234,0.00051509106193566,0.00111108454746573,0.00103924918610409,0.00032990937645178,0.000951136656004908,2.7265414109147e-17,0.00131227977512833,0.000989144296099926,0.000539509806250219,3.03133466680915e-17,0.00298899143815275,0.000874534343438739
BR_h120_25,0.000670317490603741,0.00096174497698432,0.879836423889037,2.19754235688538e-17,0.00384761085489613,0.000855788198031603,0.0011963271220367,5.86055187301335e-05,0.000140322613786797,0.00174869623706901,0.0988131199034697,0.000323773818005586,0.00242279949432624,2.86118830771634e-17,2.57689251343123e-17,2.55826322463605e-17,0.0014788671868987,2.66080728246061e-17,0.000333182985719337,0.00136493946272465,0.00186752225597124,3.76796188640577e-17,0.00407995799170892
BR_h120_26,9.58311275307857e-05,0.00021726666160343,0.921659953772646,3.71067065342975e-05,0.00254691413067016,0.00048021732127577,0.00128228158634803,3.09619313792003e-05,0.00211199612634569,0.00162094587429644,0.0565899125434631,0.000231975733994631,0.00259441777419607,0.000430314798629503,0.00032421619824818,2.52407778640794e-17,0.00165064607057625,0.000223503137807045,0.000890282901763965,0.000944321830883804,0.000567654209194584,7.74326770706152e-05,0.0053918468855425
BR_h120_27,0.000474777392739553,0.000561077413301572,0.890236338265256,2.13812268012995e-17,0.00233687788459773,0.00073705249434395,0.000677264212521058,2.74887605821886e-17,3.5836161486623e-17,0.00160145210769313,0.0904346818165278,0.00082874415447138,0.00174924424441888,0.000940401594861023,2.62406609554175e-05,0.000231155170083368,2.65395157782954e-17,2.58886131603273e-17,0.000743634411089218,0.000677356129482758,0.000769134153112856,0.00227547530512955,0.00469909258941444
BR_h120_28,0.000127343596380167,0.00059422771495044,0.91460493675706,2.15020680151097e-17,0.00184755847066365,0.000290571803300161,0.00159743233720673,2.76441200115497e-17,0.00186045012553633,0.000885074959288654,0.0672757909836427,0.000251835714360551,0.00242821787080335,0.000495994943098672,2.52138567057961e-17,7.57229088220466e-05,0.000425018917646008,0.000615990430804146,0.000508461171318118,0.000870948482471532,2.96730640316849e-17,0.000905921046955627,0.00433850176569143
CO_h0_1,0.00132121925719049,0.000463061002704373,0.0130306437205924,1.9324762067642e-17,0.0048889580212863,2.642086968252e-17,0.000306040274962634,2.4844868010702e-17,0.0178418067432424,0.845500488691797,0.0690755289366797,0.00267705115867787,0.00524601066890979,0.00531737290157582,0.000142746295330576,5.21451093218623e-05,0.00585404047241753,2.33986241404139e-17,0.000746382630827334,2.68492346692139e-17,2.66683605422169e-17,0.0155892084554596,0.0119472956590241
CO_h0_2,0.00253711015884504,0.000674668483153401,0.0154186354983128,1.93983667252732e-17,0.00581938595999732,5.50808318963477e-06,0.00206347840409948,5.26226335905438e-06,0.00353303374723723,0.854007018751217,0.0529941755694261,0.00374288646837257,0.00586073219458706,0.0100161883837119,0.000218486842291508,0.000201809886637519,0.0110293955878959,2.34877454301285e-17,0.000732443972967805,2.69514987342807e-17,2.67699356891928e-17,0.0214565976952595,0.00968318204943932
CO_h0_3,0.000155583411245799,0.000712931753943213,0.00470348625174726,1.82785410987553e-17,0.00313361305941721,5.40499506443532e-05,3.03612443150786e-17,2.34997946902112e-17,0.0035435813744178,0.909383260892569,0.0593072641729259,0.00289070435509411,0.00235825485795361,2.37985620208908e-17,2.14338693250882e-17,8.35519502073749e-05,0.00571657148434044,2.21318488428391e-17,0.000729854445306363,2.53956471833154e-17,2.52245653789214e-17,0.00192381478482957,0.00530347725535775
CO_h0_4,0.000376817604708548,0.000348678636426822,0.00974662007498222,1.88060967029127e-17,0.00405658040415441,0.000219436398457578,0.000627195049573217,2.41780462157781e-17,0.00898812556996424,0.898624531203516,0.0505097483733353,0.00311510352645841,0.00424250500459383,0.00240894383130541,2.20524940730992e-17,6.86044659731792e-05,0.00825342003217268,2.27706186890933e-17,0.000709357905536273,2.61286168399404e-17,2.59525972692231e-17,0.00160583202232827,0.00609849989651335
CO_h6_5,0.000533834086812343,0.000307712461027266,0.00141734495502076,0.00271206679194667,2.34744302282155e-17,0.000180348660514196,0.000834529387359044,2.34450722859098e-17,3.05645426970545e-17,0.826333132935667,0.0140195134017934,2.60810343747041e-17,0.000193161025291135,0.000339891100436324,2.13839577033735e-17,0.000422175062513833,2.26354645563157e-17,0.056375508437664,0.000197867575222092,0.00217920830855598,0.0690546166456373,0.0229227624091718,0.00197632675536664
CO_h6_6,3.02253829900341e-17,0.000655419073373324,0.000246471827174144,0.00239016913391138,2.29218465478405e-17,0.000198128437032482,0.00172822254675569,2.28931796859849e-17,2.98450591002932e-17,0.894048756389936,0.00330095852407281,2.54670917220966e-17,0.000741303688816474,0.000244549518681878,8.12169473957577e-05,0.000336508298478567,0.000178640172664108,0.0444317944807436,2.29905596453221e-17,0.00164764310406992,0.047414069470036,3.05318292605533e-17,0.00235614838685775
CO_h6_7,8.92926031489037e-05,0.000678196754290787,3.14776301474229e-17,0.00294902100669777,2.36133320766356e-17,0.000342742788430672,0.00180180488238416,2.3583800418827e-17,3.07453978417997e-17,0.823454390104978,0.0258662753109171,0.00213733365881853,1.72708470545961e-05,2.38836357659566e-17,6.11721296980618e-05,2.13549827831557e-17,2.2769402114593e-17,0.0481217015292115,2.36841180486759e-17,0.000292372498813289,0.0722537103051948,0.0210649878578195,0.000869727722541786
CO_h12_9,6.1839799109986e-05,7.17330898102783e-05,2.92433844700369e-17,0.00153656666827129,2.19372851546209e-17,0.00029521064515145,0.000203648441686716,2.19098496196302e-17,2.85631251641604e-17,0.857507597557361,0.0362377808574107,2.43732044885866e-17,2.57895547344377e-17,2.21884030015955e-17,1.998370027782e-17,1.98392308745634e-17,2.11532563624212e-17,0.0530225648454866,2.20030468204695e-17,0.00254380317496045,0.0485192549207516,2.9220396506147e-17,4.01505884698344e-17
CO_h12_10,0.000137949468355158,0.000182730900647265,0.000704620181544709,0.00353515167908037,2.33344140603702e-17,0.00142453915019285,0.00167622462209502,0.000718044298874863,3.03822366688025e-17,0.869676007160701,0.0438434997145024,2.59254707912183e-17,0.00057480090993915,0.00990955715349757,2.1256410419717e-17,0.00187432262967662,2.25004525038926e-17,0.0229769616778265,0.00029709072038965,0.00298065023832661,0.0339058091388837,0.00333743043783735,0.00224460991762852
CO_h12_11,6.89669094557641e-05,2.90915071369523e-17,0.000158762369856716,0.00325418120887401,2.27722802784517e-17,0.000771883347488459,0.00102669731727619,0.000114265095605131,2.96503185003158e-17,0.88209168275869,0.0303499347543064,2.5300917592403e-17,1.7381631219451e-05,0.00252845396523055,2.0744336435415e-17,0.000874055695750438,2.19584091327513e-17,0.0343068613353159,0.000256592455266518,0.0025215790195494,0.0395904383361064,0.000748863911903899,0.00131939988810434
CO_h12_12,0.000521499050052199,2.92849883331651e-17,3.05583645873396e-17,0.00271018215464589,2.29237336908867e-17,0.000666690202399485,0.00244595127805439,0.000248575221603096,2.98475162276293e-17,0.853159627371998,0.00978556623257249,2.54691884137811e-17,2.69492273347354e-17,0.0029735093380044,7.85855153152547e-05,0.000762390537138272,2.21044496677409e-17,0.047910192778305,2.299245244548e-17,0.00216512302285156,0.0685075785619785,0.00743773575427502,0.00062679298080663
CO_h24_13,0.000106332488114395,2.91599992983424e-17,0.000261677421492989,0.00340040204543019,2.28258946439334e-17,0.00100572478879204,2.94536975703941e-17,0.00219611403274136,0.0124440721468533,0.920539181580221,0.0347618792577052,2.5360485304825e-17,0.00149630133157911,2.30871844743683e-17,3.94625237007849e-05,0.000841639663042689,2.20101073447109e-17,0.003267539869717,0.00154507941442045,0.00419738634298138,0.0111274756183401,3.04040216190003e-17,0.00276973147486846
CO_h24_14,2.98250566183271e-17,2.88947383261392e-17,7.43112088383394e-05,0.00312102619608813,2.26182533836333e-17,0.00104327658866423,2.91857649009668e-17,0.00196669921517315,0.0115231860847734,0.93550096527356,0.0247039809190118,2.51297875287834e-17,0.00093941065827003,2.2877166328056e-17,2.06040261244954e-17,0.00140657993673481,2.18098870904914e-17,0.000738806235882974,0.000630634094983918,0.00412217819765908,0.0122872207725045,3.01274440974775e-17,0.00194172461785499
CO_h24_15,0.000605282859404816,7.48308889605404e-05,6.0980573020603e-05,0.00358739890967898,2.2529720041145e-17,0.000844207632011275,0.000115606851538713,0.00156633063829641,0.013671349808087,0.922523480432256,0.0314563672598729,2.50314234310696e-17,0.00111171596521663,2.27876195373587e-17,2.05233769571801e-17,0.00133132219250533,1.06957945389016e-05,0.00269097807750112,0.00119652269881281,0.00360620020586095,0.0136937444165114,3.00095179569688e-17,0.00185298479592526
CO_h24_16,0.000388468684264002,2.92665763890571e-17,0.000222031505569462,0.0033827485110931,2.29093211700873e-17,0.00113869510468169,0.000228939767754031,0.00184758268637089,0.0171639961613324,0.949144655739396,2.65719355540924e-17,2.5453175524576e-17,0.000390828426743611,2.31715659905987e-17,9.95497070654761e-05,0.00205332262403923,2.209055224401e-17,0.00400789949254474,0.000376307319983079,0.00422660927124386,0.0130861860789718,0.00109983479843585,0.00114234412051027
CO_h48_17,0.00103310208715511,0.000171149926881349,0.00220780257634589,0.000960384850647111,0.00204244509148768,0.000415029934056219,2.93589714395688e-17,0.000483604251190774,0.0307053369804468,0.882417622086107,0.0659798861725274,0.0029506280278704,0.00221341633447611,2.30129337066444e-17,1.73557191915147e-05,0.00033887063476789,0.000677263157319245,0.00246787783437201,0.00119082971506379,2.45572965523692e-17,2.43918624299431e-17,3.03062391479671e-17,0.00372739462009336
CO_h48_18,0.000491439246413177,0.000356948186562511,0.00476989650150113,1.97005220041225e-17,0.00457019819161432,0.000657923456334025,0.00111255850367624,0.000265122846698693,0.0351851628361343,0.870214837787919,0.0545523276752315,0.00284262223444063,0.00409788835851027,2.56499734976639e-17,8.58319718998653e-05,0.000396350622698872,0.00690649519530501,0.0067448705121207,0.000922609328024094,2.73713040576255e-17,2.71869129274058e-17,3.37790149169369e-17,0.00582691654491561
CO_h48_19,0.000173426842842148,0.000455474774336712,0.00262410876449682,0.000966261568789975,0.00273017392219909,0.000387281880643415,0.00057686809121995,0.000753875939342997,0.0236657225764526,0.893670648619172,0.054927723116549,0.00132601081336273,0.00136736054504332,2.42888259600855e-17,4.58492430364278e-05,0.000358084752451971,0.0060832565394816,0.00192528816449529,0.000837263313793334,0.00137981786190092,0.00312619963640823,3.1986489751942e-17,0.00261930303398151
CO_h48_20,0.000597547239108093,0.000182266292431787,0.00261868861941714,1.82327913737984e-17,0.00383603421670395,0.000444599806102723,0.000499610419448727,0.000963743541438696,0.0329177632332055,0.89123595464435,0.041895275186065,0.00231185297910252,0.00152969420789632,2.37389961255088e-17,0.000121275121885773,2.1225656701407e-17,0.00894190423842981,0.00840359426225621,0.000778108475046958,2.53320839116373e-17,2.51614303113026e-17,3.12624067354182e-17,0.00272208751711101
CO_h72_21,0.000168951169144235,0.000348184437966559,0.00442625610684221,1.81317977729147e-17,0.00388480426817735,0.000422163853023683,0.000897343739681113,0.000386990341974681,0.0332584722564537,0.880699611160569,0.0569507326143006,0.00317225897782792,0.00324404431390239,2.36075030013388e-17,7.8446704721138e-05,0.000153182480638259,0.00199318310886195,0.00385867537562633,0.000433295461174271,2.51917664846633e-17,2.50220581549265e-17,0.00151415341129072,0.00410925021782359
CO_h72_22,0.00052480489934585,0.00033193793544195,0.00429924246136846,1.83905091081075e-17,0.00463150223997716,0.000595909410828771,0.00129280535969265,0.00147265056541294,0.0318931974705864,0.889540254412646,0.0386795874142305,0.00341979360323641,0.00251654448461718,2.39443437657537e-17,0.000552609265295799,0.000593713569980248,0.00266685074936202,0.000205196393668736,0.000739114066198472,2.55512121185015e-17,2.53790823262528e-17,0.0125664381473703,0.0034778475507399
CO_h72_23,0.000519069553704896,0.000372571406097567,0.00355895519354408,1.93153801293481e-17,0.00564635132799865,0.000332127199015797,0.00248019676524921,0.000606399736512985,0.0318679733203152,0.880731959127403,0.0329727248436386,0.00358746838872419,0.0012447101313161,2.51485208519555e-17,9.41462221323392e-05,0.000973781402149399,2.3975277025519e-17,0.00329733279883002,0.00116218515596669,2.68361996904636e-17,2.6655413375668e-17,0.0258280542865369,0.0047239931408639
CO_h72_24,0.000211747510966738,0.000300737803458138,0.00323378718203826,1.9292319578396e-17,0.0037738526313674,0.000201802082201869,0.00238923870921177,0.00102915721224166,0.0375973905704226,0.918026889790688,0.00952055092135964,0.00281295101210863,0.00346076392608458,2.51184961388723e-17,4.19324732667675e-05,0.00102865824142856,0.000575872976801588,0.00508205305696923,0.000520510054907802,2.68041600647261e-17,2.662358958995e-17,0.00585336068406984,0.00433874316040711
CO_h120_25,2.0404864791853e-05,0.00056714308937995,0.00483236087358642,1.85052554174274e-17,0.00341987189628366,2.53004378586513e-17,0.000491871003736232,0.000121924782914843,0.00984482615892541,0.904986712001419,0.0413393109706301,0.0031894386612526,0.0031794891648781,0.00093474756571011,3.96106144801091e-05,3.8637172248375e-05,0.00524022682619829,2.24063569123973e-17,0.000664181804526139,2.57106371388756e-17,2.55374333546962e-17,0.0129235549039064,0.00816568764513194
CO_h120_26,0.000250409584953432,0.000483090196453495,0.00521618363377044,1.86998608388425e-17,0.00334751023347443,2.55665029445097e-17,0.000510356143408324,6.01305865438731e-05,0.00519466004984957,0.90039758068466,0.0539763202988041,0.00305869556820279,0.00428103682012395,0.00194864526742681,8.52553195318769e-05,2.17693944054968e-17,0.00549331266147053,2.26419871931449e-17,0.000920615329143117,2.59810159724771e-17,2.58059907384094e-17,0.00721579964240428,0.00756039797977863
CO_h120_27,0.000612551379056644,0.000327012843039346,0.00446493144178415,1.81516851552021e-17,0.00312676719867114,0.000115453590215934,7.25679030682242e-05,0.000123683096505293,0.00771578808627394,0.910490312342169,0.0523766808982305,0.00116690191080088,0.00233358323242611,6.15471566995211e-05,1.72892657066954e-05,0.000410584381062216,0.00460919226517829,2.19782503388685e-17,0.000949317998442869,0.00360823910438883,2.50495029368713e-17,0.00387205842447908,0.0035455374818014
CO_h120_28,3.04955447971497e-17,0.000643706549575109,0.00370484374871214,1.79658662579898e-17,0.00308078531443471,2.13053364302673e-05,0.00010098822109394,0.000191339017993312,0.00843046580352466,0.91665999608955,0.0342734675076543,0.00334428627610344,0.00391373273980886,2.33914610629902e-17,0.000256588154179735,2.09149165214213e-17,0.00505797265885179,2.17532588735745e-17,0.000561443924785731,2.49612263016772e-17,2.47930710424413e-17,0.0124288155775981,0.0073302630797033
HE_h0_1,0.000607113227381803,0.000457745007460765,0.00268122362327784,1.07881002589408e-17,0.00270256550466748,0.00038811116177523,0.00102002237383007,1.38697142081972e-17,0.00123775744149354,0.0015918392181916,0.0436256704086061,0.000709725513546275,0.00174012096491438,0.0014002995803716,1.26503931559304e-17,0.000379613318734444,0.00130167503952056,1.10771806421429e-05,0.000324879422418613,0.000220173330248706,1.48876838050571e-17,0.000600615439472448,0.938999772243446
HE_h0_2,0.000995792601022771,0.000491742032042371,0.00375348103882451,1.14370259897483e-17,0.00266596407212426,0.000715154277156164,0.00115568873208406,1.47040051595801e-17,0.00119801877948492,0.0020937823742234,0.0588222900528864,0.0013629888008472,0.00306547096336805,0.00135802643064244,1.34113395159636e-17,0.000681451490934642,0.00161054024379342,1.38480707540695e-17,0.000523790709600111,0.0003603991292006,1.57832076564619e-17,1.96102149695454e-17,0.919145418271765
